86671360
16105473
2367492
38674438
24723462
33513479
22364169
7585802
61431824
1269777
32145427
252960788
33030165
38035478
1605660
778272
4022306
3301410
24608805
3211305
92119082
2490411
12910636
24191021
6717486
2310186
22691901
13746245
15269959
32858188
21921868
270414
13066324
59826261
44089428
32841816
1605721
303194
4431960
182755420
35029086
24911972
14254182
1114216
54050921
8339562
196714
475247
20521072
5439601
7561330
62652530
44253297
893053
11313279
7815300
43909258
196321418
15704202
4112525
4595854
24641678
66748560
12337301
37896341
4333724
19972253
3702941
27181215
8609954
5333157
39903400
688300
13967535
22290608
15876273
14450868
3334325
13582520
17301696
155842
11608263
3670216
2851020
14852302
4661455
39764176
41171
8249558
10797270
32407770
7938268
101277920
4096225
42385634
31613156
11264229
79061224
3719402
10658027
33792240
1982705
246000
35045619
17121524
29163767
606456
2498809
20963579
24822015
12214527
876802
3989762
29360388
1532165
13500677
14917895
5660936
35184906
1712395
168812812
12886285
6766863
2498836
50495765
63283478
5161241
41255198
663840
1589537
25321764
65829
1491238
6635814
2285865
17047851
17695031
86008119
2277689
33972538
5218622
418114
201343299
123204
12321094
303432
1655114
8626512
622928
2523474
196944
85746005
37216601
180574
6218079
7061854
17375588
128557413
68125029
21111143
18612584
82624868
32489834
139620
6381927
10404206
5235059
18923895
6562171
12534139
16765
44073340
2851199
162759043
1966468
32309637
181043590
32366984
22323593
121364874
37364106
97345932
2646412
10453390
17400206
5857687
96944538
22454685
14131621
175382950
206840230
10183080
65806759
28005531
36938159
4366768
34955701
50684344
61374905
85942716
36569533
52715967
23208386
549320
5284297
17244618
8110539
52371916
178069965
2621902
10502605
221648
11125199
8602068
246440411
23364060
166552031
43598303
10461664
1565155
500198
123372
12878317
14574066
8339955
61055477
32702966
153461238
33272
4203001
8602106
45720059
2073084
8159739
26673659
2925053
27509245
614917
108036614
31343119
26657296
30769681
160268827
13607452
37519906
2507305
11813421
35373615
21635631
37995058
30712371
33505842
91841076
926258
524861
746052
21996102
9626182
19538504
434761
20316748
3048013
25354832
3572307
26739285
9445975
16917080
70820441
18195033
1786459
5595740
6292059
803418
19456610
15385187
27697766
11305576
13738603
32768619
22536814
12501616
13673074
7848562
10330740
16794231
18383479
26157697
3760773
172683
25731726
7086736
3056272
24257170
4514454
72975001
213657
28738201
61883036
25911961
639647
770720
11444896
18227875
32768676
86164133
819878
90538663
27091625
2065068
15467182
62513838
6046382
162759345
2114226
7824052
221877
164242103
12722879
50037439
410306
15049417
175817418
35775181
105423566
13935311
21406420
35717845
177758934
19071708
7570142
36291297
328422
21111527
10699494
49881837
40076014
4162287
19456751
23954160
2474752
3547906
7308034
7488260
1729289
746250
159998730
20611852
7357198
23397135
4907790
2941715
87204628
1704723
66326
31638295
140052
4866841
12354334
259531553
81584930
4416291
10494755
7447332
566049
5677864
2966312
33104682
4793131
295723
84132653
6529838
37765935
6767402
1844020
1631032
53494590
28689215
11617090
312131
2483017
2532169
11264843
6275920
18703186
34497363
2614099
87049048
64889688
18400096
49849190
1778536
2286444
171393901
279406
13853556
1418101
33620856
25912190
5424005
28107654
13009799
11346830
820111
246672
2835346
62940051
590741
72622998
29344663
5800856
1885078
67265434
27886494
48145310
2499489
63005603
5751721
7635884
32293805
13583281
54961078
19137462
4883386
130868155
2057148
13575101
26633150
29066175
33522623
19547071
73450436
7799749
5751751
8725448
24314825
639950
25183186
26436563
4694996
37856213
5415894
2663383
2139094
5506013
247743458
45442022
29639657
5374954
1328110
17146863
26076144
803825
189637618
541682
3556338
26182644
7136246
33194998
17466365
7603198
14279678
22438912
111043584
223585282
19235840
18146308
49480709
37897221
22914055
508936
2515977
41165836
5858320
13222929
7406609
14746641
36013076
361490
1377301
35988497
37192724
6136859
11142172
2868251
35046434
18342947
100729896
20022313
35103791
6693935
762929
7570485
11691061
951350
14566453
2040890
11166778
8496188
38954046
8487998
12608578
36758597
23299141
86213701
7980111
27124817
21021777
24347731
2475092
17155159
4195416
377944
5260378
812122
7324765
22078558
24175709
13993055
203465828
7226468
7545958
256115817
8283242
108848235
730220
94012525
106423406
10978414
8086636
52806762
6055026
10667123
4621427
279661
21226614
1631352
74687611
33096829
4564094
2606205
2778241
20530305
37782659
6046854
90612874
935052
12559502
73467031
61432983
20259993
20620442
2106523
10462362
10609817
8004766
8881312
12944545
3679393
29656226
574628
79971493
13968550
2827431
32457894
15492266
89343147
844972
20178092
22135980
894127
24446128
378034
7709874
4924596
20464821
31483063
38749368
18269369
7005369
250078396
2933949
121398466
3450059
36250832
1770706
101115095
2335960
148696
4408538
13034716
111035613
11117790
5022947
37102821
1279205
5604584
4031727
15959282
19154165
34874614
85542135
14263543
3237114
2286846
66817
45991171
13985028
14722313
252634383
30827792
19268885
6178073
3024155
35235100
10822939
1647899
32277795
12223782
38208808
11142445
27280687
9848115
1951038
31180097
8799555
88130888
8537417
2270538
247116
5801295
12879186
11167060
15361365
38962519
1918296
99673
8193367
18687321
9045340
92718430
34661726
42190179
20850020
9086310
19940712
27682154
1598827
39404913
176743797
2033013
27125114
11609467
31925628
1598847
45057407
18154879
157056
6997378
2221444
2155904
5973378
79791496
16704907
240346507
19924363
22545806
21341583
35202449
12395921
1484181
62809495
36922776
6702487
14493082
179545499
12191132
14509469
1885597
113362335
56722848
1320347
14566818
16950693
3048873
3974580
171443637
10634677
81249719
17849
2467262
6776255
9119166
95782337
44221892
27960774
44189127
62096838
58271177
28616138
9168330
4695499
32720338
38520275
13501909
44066265
5391834
2393565
1721822
15967711
8119779
3442151
26592746
6178286
910831
4679152
49726962
116210
1885682
4711923
19777016
2516472
18392570
20121083
2303480
33908219
7276031
1287680
29509119
1549826
21030404
12412425
476682
28648978
35538451
159319574
34329
2197019
9029147
25536030
10028574
89064992
8324640
13674020
11281957
7988777
1934890
7128620
181807
3999282
36791861
6022710
452153
9455162
116285
4818499
116295
7784008
7439944
1607242
52708939
14771787
32065101
34457166
9315919
11994702
624209
10389074
4982352
11626069
7235158
22668893
43353695
23365215
18032225
2401889
8758883
5293668
14616160
13665897
77882986
12199530
730732
19900013
46057070
67520109
6481514
123938419
67189
214754934
3311226
2713211
17884796
5777023
39462528
94774913
44123778
3270272
12002943
18294408
3679882
8291978
13919885
2401939
197723798
15640217
26134170
52496028
36439708
4605596
5007017
2827946
94488238
9903
3679922
25806515
67806900
1935032
3860155
11658941
2483905
21317313
4138691
21817029
29722312
14911177
26552012
6031053
19113679
182027985
100943576
2033372
33531623
89368296
10020585
20195050
85894891
7423722
2467568
5375730
112887540
2713334
29107960
30992121
2270969
16385785
176604933
18024200
23176969
11831050
30082826
12437269
51218197
37955349
87189272
3974936
16811803
27789086
27248415
22112032
8283937
7669537
27600670
172468002
296739
12478241
8578857
640815
17983281
12437298
2180915
16410420
6612789
38569777
10446647
15304504
68159283
11036475
5957440
243787592
23816009
3630925
6014798
221513564
85665631
13731680
52717408
15959903
927587
34244453
11470696
14952296
27633514
26781548
24536941
22644592
1492849
168683378
5556080
85837684
19113845
11618165
8390516
220866424
39651193
25380724
3303286
23783292
22873985
22882178
3090307
44648324
165447560
32565129
7792521
7169934
8259471
3073936
5572496
2131856
747411
19957651
11241365
2893717
20703120
4802452
27600785
27969434
5851028
3032988
24995741
6317981
43837343
8079261
32393121
44124066
26531
10291100
4900765
14141350
18342
29632422
8800170
219973548
19138480
9430964
44042164
3016631
85346237
13109181
38512575
52758463
1288129
2303936
179980227
32475076
27207621
11233223
14075848
329671
927687
346059
116683
105588685
14108622
14280653
23775180
29411275
90974168
10037209
8308707
8259558
21325802
4687851
8415220
3000310
96806913
11503619
526339
32188425
43026441
1894410
8038413
2639890
501779
25962524
7677981
18462
763935
87173148
2779168
108095522
235735075
534471
3778605
2304046
6137903
772147
23808052
25929784
39077947
895038
43074
24447047
10029127
7784521
7555147
4663372
796750
26077265
22546513
31713369
207472729
36202587
3147874
493667
485476
28018791
25471081
9054314
1722477
20039790
7153774
108656
90179703
13183096
17819768
232482938
34891896
20711543
39487612
178817150
15149178
104630401
34678916
12896390
52938887
27314312
22661257
3410056
1370249
52725900
7809164
27576462
8071311
632969
7186580
8358038
7399575
33056925
51161246
8243358
207009
772257
862372
436393
22497451
116907
35399852
6924464
4491443
3664052
6047926
46745790
12486847
24996032
13576383
22775998
239811
21227713
85993670
49883335
91392207
13379794
11782356
3819735
2787544
1951960
105359583
60614881
25094370
3041505
5613798
35793127
362730
25512171
88172778
30886128
79472880
21465333
16632054
39504118
65227003
4565243
24275198
12249343
6351106
15386882
18729228
92334349
7907598
23857423
911633
32639255
230246679
4720922
7088412
4802845
12445980
35219745
15657254
18147623
444713
9038123
23267631
272687
40397105
24750386
2451764
4860212
12634427
34695486
21236030
15518022
218376518
1501515
14747980
47253837
1599822
25905485
57444689
28854611
16861523
57739606
14158168
177219928
42322266
8055132
33499489
1894754
7399779
17738084
32827751
1706344
7514474
38766955
6375790
4409711
40716659
13273459
821623
16025976
1304954
313725
36858242
35383683
24488322
1468808
23792011
444814
5187983
747919
3746191
15886738
36776337
23177615
3213717
243566998
3713428
11471256
1698195
780699
8931740
9972126
174496
35129761
30894497
40225186
11315616
9333156
11807142
13437352
7834025
165726632
30222764
870832
4229554
27904435
158134
13658552
8702397
16673214
9849278
13011392
7145923
1731012
29313478
10695
14010825
2386380
4114893
33253839
6498768
1403351
4180443
2484700
3230173
23480796
9398754
2173411
7596516
215591396
39766503
13511144
29215209
37513706
5892587
82274797
24357359
125429
15084025
208079354
14952959
27920897
3090945
12036609
11438597
216623621
5081611
1960460
28871181
228977166
57068046
42248720
73730577
128600590
322066
19622418
30984725
253430294
16558616
9513498
6097435
2116124
178801182
4147743
97331744
7875104
37104162
24455720
748073
43002410
104081965
15583793
10775090
14412341
222636598
20580921
20425277
526910
25782847
4901440
1600062
25324094
26987075
38029893
82643525
19237450
44796492
97471052
7752271
5614160
168815188
85731926
11102808
4942426
90557019
157649501
37841504
8718947
93661796
6130280
26487401
1477226
10858
52185708
469612
7686766
5483119
2566768
29018737
50047597
29493876
40159863
39807609
31148666
22112891
1370749
22547070
1600127
32926335
4278912
10168963
494214
29403783
3320455
11463305
20515468
16894604
27544208
4139666
7899796
101575318
2984599
2648727
50997915
36121244
11684507
32606879
8792736
15551135
28609188
11684516
9374374
2394789
12806829
8538802
5917363
2222772
5810869
30173878
3214007
49998520
4516537
16583352
3001020
35310269
23227072
11938498
772804
608964
26864326
6851271
2026186
5614287
14379728
14191315
28822227
11348692
232573654
8620755
29698776
40020699
28093151
11643615
5098209
11569890
13372131
805601
8096485
2403047
674536
168274668
217754350
1854192
551664
68512498
226102000
41077490
2206456
617209
96070394
453372
3869438
89262846
29289216
8325886
32918274
40266499
22743810
23513862
60680968
12389129
2796298
37096203
12462862
147016467
27175700
11275028
8170260
16370451
253405981
203655966
94751519
5860126
172362529
9497376
44739362
26381088
486183
7662376
250440489
11389738
12864300
2198318
20720432
21130033
1387316
903988
85805886
45787968
3164992
11073
2883
27659076
461637
32820037
212478787
3500872
31968078
18320207
20966224
43855
30804817
12618576
65252182
28560215
1510233
26274655
16649057
4934498
86141797
797544
1543022
8375152
3558260
24734584
592761
863104
53472128
90286978
73681795
82045831
28715912
10824584
39365514
8948619
23137166
13265806
35466128
32435090
24415123
59173783
592796
40709021
11004829
33926046
8915872
11742111
38767522
9292702
23538596
37850030
797614
2689967
1944497
36096950
36400055
72575929
38579131
7760828
39119804
371644
15035328
15428545
27708354
2304965
17017800
18213834
2378703
32598992
30116815
2149330
8784855
216025
1297376
106884065
14527459
16935908
150501
19131366
9972713
29740010
7220202
20794347
1657837
5696494
6753264
2460656
27544560
24357881
3435515
87919612
6171645
37751806
40291327
94186496
32214019
11504645
7392261
2313222
23809030
11627529
29133834
176802828
75058189
44048
11291664
322581
24202262
52250
1682460
24407068
87485468
51743777
4516898
9612321
125987
25193506
10046502
34425895
805927
13290537
642090
32967715
41757740
36842535
23194671
2059313
32533557
91573302
2354231
38718520
34483256
625723
6474812
21572674
15797315
12667970
5581898
26119247
11766864
1625176
19549273
36867162
35097691
7244890
601179
18050144
7040097
5131360
797795
2337891
176942183
96414824
20687980
18877548
32394354
6687859
74443892
38923379
1363062
62540916
103099513
10800251
14929019
10783876
4779145
2854026
27536524
44469391
11840657
8498324
5778581
233467029
7367830
27290777
12782745
937115
2378908
95128732
106425501
6073503
83668128
24292514
34204834
1330339
68144297
73845930
17894575
8400047
1969328
2780338
35802291
66628788
28568754
11447478
29109432
24423619
91778243
8932554
68570315
732364
12258509
36072653
2821333
5336278
47705302
150748
23604445
1920222
24874208
462051
2313445
1436902
1535209
21703913
59215081
17747179
8834282
8973553
76934385
3009777
220384500
13987058
7286008
10317051
1346811
503037
35024126
2108681
38743305
24972553
85650700
331019
8875278
24448271
107752720
18443536
21392649
634131
601363
20827413
2944277
16600341
2329880
34549019
41151772
6229277
11922718
21040413
84856096
3263777
23301411
15607192
7081254
33844518
13167910
17960233
36810026
68905
863532
39267629
228150574
847146
23711024
20253993
1928498
16108852
30846263
5737787
31870268
4156732
18230588
3730754
2059586
5483847
86125896
322892
2198860
4410702
21384527
23326032
4509009
151211344
6884687
11906386
6081873
18074966
39349591
150678871
7310681
19090778
1838427
658780
13651291
14290263
1428831
568672
331105
23088482
28020066
19696996
2739558
7236966
3157354
67145069
53063021
1658227
59223412
2387319
486778
3960187
1772926
19959167
1707396
14273926
20213130
78466443
9047434
1363341
17091982
3927439
11251088
5107089
159122
4500878
22875533
41782680
9203097
11087258
38612382
26291614
38219170
3763622
19205543
69217703
3173802
10104234
20589996
177925547
43806124
8949167
16084400
21056945
15134124
156593587
27405747
5754290
12791228
15273408
5737921
11136449
6655424
19197381
4197830
16534981
26922440
156741062
404934
217025995
122490316
585163
48967119
50703829
8883673
10087906
27422183
8277480
5615082
1887723
21368304
223931889
23965172
1568245
36138488
18927103
1502722
3771908
388617
91508234
241135116
5262861
49344015
44715536
24997392
904721
6778387
8162836
12258839
79343128
1953307
16182811
5123613
2338334
1396256
189181473
9809441
5590563
39882277
40758830
1297971
2027061
1658421
192982581
66596408
8900155
31108668
4804157
74059325
37539391
7966267
3239483
16879170
2707008
17100356
7482950
691783
43740744
50040393
65859146
140389960
2231878
103943752
94834254
67243600
1846869
99520085
32362073
40382041
9965145
43118174
13741663
87076448
6426207
94916194
10890850
13741676
50040433
2805365
306805
6106743
1412728
71601782
54767225
904827
9170559
10448512
27381381
1871495
23080591
39603856
888465
16453267
24342167
73313944
2346652
3313309
10358430
173444768
4656800
18140839
104304301
4468401
544433
37752500
2297527
12103352
5246653
6540990
101666496
96480961
35917511
4951754
18984653
32820941
39841488
25546458
25726686
9973472
37834470
6803178
8842987
9711341
49811182
16051953
13577970
180334323
52694778
19525377
30322433
2805508
10948357
2363142
80998153
104402698
92720909
14741262
4599572
65105686
5435160
266009
503578
16592666
4624157
179130144
168185637
8843046
68570920
10596138
166334252
2412332
45584177
5205812
40234807
20999993
87641917
153194302
12922685
12496705
6541121
790339
38965059
9211717
2068290
23736138
26505034
16289613
28497
3313490
2731861
2101084
90574686
9891683
11595623
2232167
3272551
56831852
10743668
1855352
39751546
29011836
4558717
37089150
1838975
131649405
4738942
38637442
38817667
28913532
6844293
94351240
9351054
1544082
23261076
3231640
33116057
21548957
733089
6762402
23670691
307108
23236517
7589795
96456617
130781103
4919216
5083056
1781683
6926261
9564086
3682229
21327800
13283256
16445370
24776630
13389749
104378301
32681918
77549503
9596864
29102017
4640706
290752
1109958
12603335
15044552
30576591
8196050
43909111
9056212
8908757
217045
26570708
7352280
4567007
250900453
23515111
13316074
12857332
14135286
12554233
8794106
11997177
18657276
19173373
9293820
15175680
33681409
8499208
27791368
10055690
174460936
13185034
92155914
255987726
12177425
905237
24924188
31838237
21336093
233156639
148836392
36417577
97177641
16044074
25030697
40857648
1945651
9015351
79032376
3051577
14110780
14544958
30928959
2289734
51179597
17682513
413781
4108373
73805913
913497
21827673
36343900
15077472
176224
13840482
45314147
37277798
14258279
7893098
12398699
13922413
15241325
21794927
35836017
27201651
9597048
10129530
74051707
5206139
8687742
32837758
22302849
132944001
8753283
20664452
29577349
1945734
848008
274573
107966608
39055507
25587862
234311830
12669078
175485083
12570780
26275997
34361504
22016161
18993312
12636322
17141924
184725669
47370405
19943590
3928229
28397737
2019490
18288813
250597549
26521781
2986167
782520
22884537
12570810
20983995
2363581
8212670
1290431
1888448
35901629
141349058
17723589
8147141
3412168
25235659
21778636
20050124
8761550
23711954
184299733
2511066
5804251
21229788
6779100
8581342
757978
35328227
831715
1519857
741618
4927735
528631
749818
495869
11071742
4141310
172208381
40579330
17125638
38179080
733448
3125512
12546319
9285903
12062994
43348244
37933336
143641
13357338
504091
8040733
7581983
81064224
18501922
64925986
13758755
758053
13799718
8294694
8180010
1986859
11784491
8786219
8294703
253727023
1618226
36466995
11538743
36901175
2666812
25866561
2994498
34238790
1913159
684359
8204616
9867595
15176012
155717964
889169
47280467
163680595
14471510
8540503
92803415
18075990
49803615
1855840
45396321
33960291
1446245
15307110
20943206
790888
19280232
76697964
33788269
22892909
20394353
282994
27718004
26915189
236278135
78201
23933308
12620157
51220861
90132860
35910016
1814913
266626
176386437
95408517
4264327
2191749
1954182
85258634
16134539
3019149
24056206
7819661
25620880
33886610
13054358
28111256
13398425
2019740
5681564
905629
5886371
17346980
19419557
44388774
274855
35525028
15897004
14528941
17510830
5689774
2544051
34656692
47780275
15298996
24891832
1110458
29249978
30683579
29553086
151999
11973056
3158465
4207042
38285763
5738946
73642440
4649416
8425930
6779339
59462094
14963150
38089168
3854802
17281491
96145884
25309661
14168543
122360288
512480
6713826
24359397
22540774
6631911
5419495
10277353
18026987
50115052
1110510
31879663
11014640
21746161
8860148
36860406
5914622
6697467
3297789
18239998
7664128
25244163
39555590
11260423
471558
29274635
77877771
87609867
33067531
7574032
13234705
7688721
96129559
4518426
15381019
60256796
112341531
10457630
11645467
6525468
7918112
2355743
7533091
29995550
164139557
1364514
54530595
1651235
2634283
1593901
19247663
8450613
8008246
62673463
88027709
16585277
92516927
3740223
10039873
3027524
438853
8278598
5861956
32518730
112947787
11407948
9884243
51343956
44888661
13365846
1561176
76968541
25981534
19755614
35598944
2347618
11555427
88257124
31642215
108900969
8565353
1872494
101306991
2962032
8155759
7426674
8082035
7754356
627317
7352950
18821750
39768698
13398651
119418
40874618
28242555
5837439
10031744
30339712
13267588
569990
97088141
18166414
40424080
35992211
125776535
68375195
35386012
3052190
11899552
26620577
11186849
52130467
21213859
22303396
9843365
12423848
6304426
44675756
1127086
25301682
7516852
84447924
8590006
13718203
7860927
19296961
171684547
5468867
17732294
103871175
750281
8958668
8901325
42652369
192918229
40366806
109130458
14840538
109802204
102290145
116568802
3551971
39457507
1913573
2192108
14381806
94737135
34771698
684787
242529012
108425972
125235959
34075384
37638905
87208697
162140923
160838396
1323771
4862712
1413887
29528832
36713217
72356608
1323780
10302213
18633480
88535817
684809
13726475
173478671
234256
28013329
22164241
74576660
3003162
2159386
52220705
22344481
10621732
42529577
8647467
1749803
733995
248419118
22549296
2323249
23221045
430902
8221496
5927737
3429176
94942010
4182846
2642751
7377735
33067848
3019593
18060104
44495692
1577804
15029075
37417812
2208598
30462810
18805595
889691
20747098
545629
906074
250720
627552
10441568
12211045
7541606
15037286
13964135
750441
3314545
12825463
2405242
865149
235606916
15930245
30405510
1422215
11367305
2831246
8958865
22221715
28111764
37442452
30462869
5321619
2118548
13374362
90321819
22197150
176518046
17994656
2724769
2872225
8926115
2757542
19559335
27136935
82408359
49951661
7082926
3478447
120992690
11097013
930742
10351543
21353399
5055
26678208
47248321
78785
7295941
34780102
1799113
1307595
365517
480208
172504017
30348243
28095444
22098901
93565907
73151447
1856472
13775834
742365
34378717
31798239
8082400
275426
8770537
4682729
23557098
693229
32076783
238269423
4469745
111047667
840695
12358651
20165629
22139901
2118654
7025664
594946
95237127
685064
19887113
2978825
11465740
10957838
34198544
17175570
11768851
34804756
34477077
562197
165385234
2446360
22131731
17093659
1815581
11621407
4109343
49935394
6525986
39244834
28816422
23278631
14365737
66729005
20018229
12948536
29275193
88659002
32019517
5493822
32912448
36222017
7754819
1635395
14693446
8279110
3019849
81065034
12629068
11539534
324687
37565521
1823825
18117716
35664982
27137111
12096598
6607961
7517274
1438811
17773662
423009
25687140
39015529
21689451
33379435
291949
29316206
104207471
3003504
32920688
570482
134452343
21558392
92361849
1791101
105108606
463999
7853183
3224702
87170
190846083
26793095
6214792
90920075
40080523
3323021
22639757
67982478
22344848
10024081
6337682
23106707
95327378
38565010
11572374
4633751
11261080
2479257
32158872
11310235
8492188
5276
100439198
22893727
6124704
74069149
23278753
85767331
22574244
3904677
2733216
2217127
35804327
1381545
47699114
9802914
15340716
398510
51262639
19469488
10482862
6894767
97522869
106353848
239883449
1914044
767172
1643718
37688519
37672137
10974410
185546
79054
16184527
32175311
32527567
45298898
54056143
2045147
693468
10859740
537822
23237855
1922274
2364644
521444
808171
79410412
23475435
5919982
85718253
2692336
35968255
11228415
8254723
8148230
13554953
102896905
9835788
611598
13169938
23172372
13161750
3323159
619800
3462427
3921181
234782
23213346
35468580
10958118
29300010
20542767
2577711
36009265
94229810
11367733
2159931
59381052
7206205
7083325
43701569
8852802
26809667
30022
3134793
12490058
2946378
12653900
6042956
36066638
7664975
20395341
832842
365906
8213842
120026450
87381
1733974
16307541
36197720
30039
44717402
8475995
32044380
1963352
39728479
1299808
6903139
7730532
6272357
32355686
6534506
15504746
26932588
14529903
79215
10098033
31356274
44791155
13170031
1906034
6559102
8000902
193926
873862
4896140
25884049
2921873
546195
14022038
11900311
77329814
33519003
27424156
4937117
20575646
1742239
28030370
35141033
38466986
1906091
19903917
87209390
229545393
43636152
10876347
3331521
2987457
14038467
15979972
143611332
15553992
4249033
12367311
44774865
11310545
4052435
1922516
464340
76068311
284120
259547
26924507
366045
21509602
12219875
17405411
10548708
6010342
3749351
3167722
3241451
2258412
2381291
8664560
4781552
222696947
153079
6338042
13784572
45110783
12301824
22230529
12621312
14120454
6608395
51705359
35206672
6321681
423442
13342233
36820509
112776734
17610272
3151398
11408942
3397169
439864
2397756
31675965
1857097
5060176
226897
7583313
31839827
194128
11146838
8123994
10360410
33945183
48690785
43685474
12555877
33683045
23164519
14399079
34043500
751214
10024564
2930295
32700024
51435129
47117948
3184254
10475135
19863171
32192132
27711109
24917640
30537355
4429452
784013
243668622
9033359
20838032
9647759
39630477
4322963
1447574
38553
13923998
52860575
6395552
8427169
20706978
3102373
30643878
19977896
14546601
52967082
2750126
1889968
35239601
128692
120505
2700989
25515709
1316550
14046920
22550221
27743951
113424087
35755736
2152156
10925789
407262
180967135
44906208
11024097
17045218
10303206
52262632
64517865
6166249
38713067
153324
90363631
6477554
194301
67090174
2529023
63231
19683071
1521409
110835460
32962309
2971401
9565962
23459595
14292748
35903247
25155345
5928722
21559059
59905809
36869905
29300502
177939
221648664
6526745
3381016
866075
22460180
23500573
19830558
325406
2283296
10024733
5068573
9574179
199841573
142751531
4806445
18364207
8230705
562995
2881332
29210423
2496313
50476857
12998459
200668987
6813499
39819071
8443716
89020232
268104
243955530
530254
26023763
8197977
19699549
2742112
215365472
8165216
10139490
2594661
20199270
24737638
259585894
1406825
178028
104302
8034163
38775
14718839
34838393
5838714
15759223
26384252
1939319
12597119
3250055
30766984
3020681
6707086
27604883
825237
62322582
29046680
28342170
43882400
37640097
13342626
5978019
1496997
8935334
8566695
38115240
10893225
19208101
23238571
20543406
72234929
106936242
2742195
3880884
2119605
231331766
22296503
16947127
12064706
151238598
39761864
35944394
4093899
33028044
7436237
6165665
86751183
1595346
19888084
3086293
423895
21837784
40966108
6207453
800734
52443104
37967843
5052390
2209770
17766385
7043058
8247281
87726069
87922677
8746999
34576376
65665015
11802617
40818683
25614332
39614465
13588486
18094086
8157192
5142541
16472079
3921939
65091605
28227607
198473751
1693720
28383258
133429272
6453271
31832095
13408287
5273634
10680360
44955692
10082351
29677615
15128623
432176
34674739
32708657
17397809
28809270
2103351
20994102
6477882
2250815
1816643
33396806
268366
38787153
42473561
12769374
25589859
39467108
432230
13162603
35387503
4307056
21682290
42309751
143341688
14817399
16824440
97187962
36673661
1644672
4520064
25237636
7846021
25688200
85588113
8476821
24107165
17782945
34322597
30513318
8861863
18454696
42408105
13547690
122484907
1398957
8911024
56154288
3930291
244144308
9369781
14710966
13351097
76667065
4946108
3889341
94771391
86644929
39672001
22706374
27261129
13801675
792783
75036881
7960787
7887059
30234835
2259161
11491546
20846810
4249817
4634842
12474590
18217182
19290329
97048801
8698083
6961379
5880038
2627816
23050474
14080235
123640045
18782446
13891823
27867381
26114296
12712184
530682
6428924
22781
32700673
27138307
172914947
28653830
7977228
1759504
22042896
56711443
29735188
12097814
1562903
9369878
1448220
4127008
45422882
15022373
180762920
40720681
20543785
28875049
440622
34314543
24418608
24123696
12081457
2201910
4094263
14646
71991
1431866
5896507
24574268
28285245
1677630
6797631
694600
33012042
100956498
18053459
66771284
3602772
27744598
7805271
66910552
67369308
2398557
208025949
6691167
85760352
7412065
140458333
36821347
205912422
6674793
39287146
9623914
34388332
39500138
19609966
39074155
24770932
55669
1407349
214628727
186745
1399162
85399929
1751417
50526593
1972610
20003204
604552
8690058
42932619
1587595
7707022
1350031
26179987
784787
38828437
11188630
4667804
833950
13334946
8509858
9034148
98851237
3848614
162970021
22190500
317866
2808235
17766828
4438450
66475165
3496378
2226620
1391038
164346302
13973952
11278782
11672002
89553345
539074
21641669
27851205
3127753
125860297
4340171
13138380
4749774
8567248
25876945
33552850
16579025
52099543
16579033
7412187
242063838
326115
7600612
51517925
9550310
10467815
22903276
6142444
104940
5831150
2955762
18627062
10541558
3119608
31103482
11631099
130841086
10435070
9566719
391679
5741054
23558660
2710020
301574
1997318
27130375
6101516
14653968
8018454
6756887
15227416
39664153
1317404
35224092
13326878
11401760
13433379
10205731
52574761
2398762
66591277
14244399
809520
12458544
2374194
164960818
96778806
34019895
44407353
1727038
9435711
67820096
13892161
11639367
4676168
7551563
21412429
8903246
26565199
375375
3766866
20929107
1841749
122354263
8419928
110352985
20576857
3103324
181615204
8428134
33143398
35953256
28744298
50551403
2275948
6789742
1645171
21838451
4463222
24795774
21969538
12368514
35805827
22297221
85236356
33593989
28039813
2333314
2841227
19323532
14097040
15399571
8739477
6593175
38779544
8575641
31111834
11713179
1800855
26270365
24992414
5094039
94321313
14097058
162667171
6429354
309930
2816684
85867187
30014131
23976629
21273269
196139705
11410112
3431106
208001731
3807939
12294850
3259075
367312
8960728
9067226
7854810
10042077
137952
17398496
5667554
957158
8002278
22747879
102562538
2546411
8231664
23960305
46545652
62880505
22633211
19536635
22706942
39679
12843778
35240708
6945540
15268618
40082193
30743313
5200659
26311441
30989078
40155926
12499735
3562265
1424155
37878559
5798691
162598
34798375
27581225
146219
326444
14514994
162610
6650676
10050357
38804283
23395134
8657734
15211336
3078984
7789387
38042445
2743119
26041172
5946196
16505687
87825239
56151
7224154
6347611
10804055
38411101
14711645
5938013
7600993
5798758
6871911
82434920
8272744
1727344
1842035
16063347
22379380
13155191
96263033
4660089
12082043
28384127
6454144
4504450
588674
20429698
6454147
5233546
1571728
14760852
4529045
5356437
12893080
14736282
4004763
20954013
118512544
15801249
10566561
23141283
1366948
2227109
2554791
3005354
2530222
20028336
957362
80819
130268082
186932153
4537274
15170490
3054525
18611134
33430466
35961796
104528837
25967557
15711175
88275911
10795975
2915275
7814091
40893389
176323535
57048017
111901650
35445731
11508707
25697252
10058728
23518185
30964720
17144821
32807926
3046393
19520505
21781502
4725759
206019583
31464450
14048259
12983301
7429125
408589
13794319
457744
8936464
138259
25426964
35658778
18504730
13442076
293917
7412766
9894945
15588387
867364
28818470
191388711
4594729
96377898
2063403
20782127
3357743
7011379
2571318
5659703
38214713
9305150
1432643
580678
2505798
4447304
39304265
38935623
900171
28367956
30374998
187479
29334617
66018394
165477469
8756320
30186593
2538599
9673834
2268267
23624811
33406062
12713071
20733040
62823540
32652404
2735222
2423927
30522490
588927
32603268
12270725
83754118
4709508
5028996
12033156
1268869
1621131
82066578
40737940
14466196
62528662
4635798
3587224
8133785
7593116
5127327
122016
44907680
109444258
20405410
646305
2129058
128335014
892063
9010341
11123879
679079
16923820
95067309
10034349
22052018
515252
240680117
7349
24501431
67992762
6257854
17595588
294085
36289733
433351
3931336
11033802
310475
14859467
2301133
10067151
10427608
39001306
441563
12336348
11500766
18767070
26385635
10902755
9354473
26148074
11263210
12205293
12860654
25206001
5381363
22576371
36216052
39574774
269558
19733752
24345849
11640054
3792124
4668669
1490174
883968
4390148
31554823
53132556
20569358
30219537
28966170
35085595
20577565
146718
16661793
417058
9870629
16203045
5831975
31472936
2342185
33938730
10403115
3366192
2473265
1883443
36306229
8125749
4586810
26352955
269628
286014
1285438
777536
210066757
212294
15940933
3628360
7683401
30399819
3333451
11042125
3734863
8125776
2407762
84245844
39140696
249920856
220505
17874265
18333018
35470685
7978334
181607775
466272
87637345
11533671
10648942
39746926
6798704
12819826
19651956
237190518
16235896
5995897
107675002
2268540
32365949
92921214
15834498
34233734
242654599
5430662
24599945
8428938
310662
18259334
28884364
53312914
5029270
18070937
3972505
5045662
1547678
15138208
44064161
15048094
197631395
1760676
63929763
64934
16539048
37526954
7404973
5889460
2293173
18775476
39419317
2727348
3456439
1523125
19586491
24501692
133053885
6249909
34610621
90422723
39681477
400839
136789451
210181580
9158093
49601999
30342608
94600655
69860817
30571988
39943637
33193431
1768920
736732
22937056
769505
21216739
13008355
28417509
409062
8756712
53116393
75144681
78683625
8781292
5397997
17595882
7208432
7669
2555382
654839
21552633
99040761
818683
7560700
7151101
2989565
6225407
16547335
172973578
12860947
8330773
11779609
11673114
6807066
9117212
515610
8691230
630300
26648096
613921
7714
9117219
230202918
12590633
9076267
13999661
27270703
30613044
31112759
4357688
7364153
14016058
11017786
7036478
2743871
23002690
14327363
12590658
2219590
18325062
4669000
52928075
9985613
14605902
147023
1769041
13934164
23674453
10878552
19005017
85507678
1310302
16932446
10239585
2481767
29073001
38051433
14335595
12492395
941676
22101614
11239023
18980471
91324025
4718202
11443835
33185403
7241339
20242047
44072578
11296387
18210436
34791047
236527241
16785036
13262482
876179
30555796
3112598
13311639
8707735
17211037
65699487
103931553
8838819
8240803
16547492
38796968
37519017
18259626
5832363
3169969
3227315
2973364
917175
23142077
27950784
82296514
597700
10903236
47021768
2645705
26205898
2465483
21724878
16899791
7339727
1851086
34414286
1351379
96845524
2784980
18161365
2055895
57712341
34610905
474844
835297
11992803
25304804
13532909
15384307
12394232
26853114
9551612
211910403
6856452
2227972
2170632
5480206
24092431
9191184
40369938
11116307
26681107
884509
30367522
96231202
32702244
3161897
108674861
12697390
179306286
57137
26672948
311093
8421176
253752
4972346
38739771
10002236
24381
15744830
26664768
319302
2899782
15204170
19816268
14401357
47193938
62979925
24035159
2596696
82132827
44048225
74456930
53460837
31367016
10116969
4128618
9928553
4718444
24747886
15245166
27950960
778094
5570417
556916
8568693
34791287
20504445
176037767
40083335
1875853
34013072
3383185
21798802
88416146
499601
16351122
20168594
515993
9068441
29081499
11526044
147358
39419807
116637598
17227681
7487399
33284008
630698
133201835
4620207
1662898
6045621
6848440
31424441
2105276
15269822
401343
17539008
169312193
7741378
13557697
933828
3645377
15458247
8208331
89522124
548824
178216923
57745371
25575389
34234341
18030567
7143401
11149293
29671408
11050992
19988466
2170867
868340
5775351
45826040
97329145
22552571
73726
122879
